1, 23.000, -5.950, -1.981, 2024-06-23_02-30-20
2, 22.900, -5.826, -0.214, 2024-06-23_02-35-26
3, 22.900, -5.456, 0.083, 2024-06-23_02-40-31
4, 23.000, -5.212, 0.368, 2024-06-23_02-45-31
5, 22.900, -4.896, 0.872, 2024-06-23_02-50-31
6, 22.900, -4.679, 1.073, 2024-06-23_02-55-31
7, 22.900, -4.392, 1.636, 2024-06-23_03-00-31
8, 23.100, -3.518, 2.238, 2024-06-23_03-06-31
9, 23.400, -2.503, 2.568, 2024-06-23_03-11-31
10, 23.100, -1.488, 3.686, 2024-06-23_03-16-31
11, 23.300, -0.279, 4.286, 2024-06-23_03-21-31
12, 23.400, 0.239, 5.545, 2024-06-23_03-26-31
